# run this as glpsol --model 2per0sum.mod --Q4_a.dat

param m := 12;

param n := 11;
 
param a :       1                2             3              4               5               6               7               8              9               10              11:=
/*A*/  1        1               1              -1              -1              -1              -1              -1              -1              -1              -1              -1          
/*B*/  2       -1               -1              1              -1              -1              -1              -1              -1              -1              -1              -1
/*C*/  3       -1               -1              -1              1              1              -1              -1              -1              -1              -1              -1
/*D*/  4       -1               -1              -1              -1              -1              1              1              -1              -1              -1              -1
/*E*/  5       -1               -1              -1              -1              -1              -1              -1              1              1              -1              -1
/*F*/  6       -1               -1              -1              -1              -1              -1              -1              -1              -1              1              1
/*G*/  7       -1               -1              1              -1              -1              1              -1              -1              -1              -1              -1
/*H*/  8       -1               -1              -1              -1              -1              -1              -1              1              -1              -1              -1
/*I*/  9        1              -1              -1              -1              -1              -1              -1              -1              -1              1              -1
/*J*/  10       -1               -1              -1              1              -1              -1              -1              -1              1              -1              -1
/*K*/  11       -1               1              -1              -1              -1              -1              1              -1              -1              -1              1
/*L*/  12       -1               -1              -1              1              1              -1              -1              -1              -1              -1              -1;

end;
